100
2 3
1 2
1 2
3 3
1 2
2 3
2 2
3 3
1 1
2 2
1 2
96 88
41 67
20 29
17 80
4 67
52 73
17 61
24 39
26 82
63 67
25 75
3 56
3 61
16 36
21 37
70 79
10 32
2 32
1 70
70 71
10 33
51 64
74 84
28 39
24 74
27 50
37 55
26 34
3 4
22 71
63 68
67 87
16 85
9 86
21 61
5 28
30 32
44 46
21 25
38 53
59 81
69 79
4 20
12 37
54 88
45 48
20 53
56 62
73 86
2 59
28 42
39 42
6 65
8 79
31 66
40 56
44 67
61 78
73 80
54 87
15 69
32 57
12 64
15 74
74 85
56 68
26 45
28 87
7 81
48 55
24 88
4 87
57 72
56 85
26 35
6 32
36 60
14 26
11 18
6 75
37 50
33 37
74 82
62 64
35 53
13 38
46 69
49 72
88 88
30 72
60 85
7 7
78 81
9 88
51 54
32 55
22 31
3 3
3 3
2 2
2 3
100 100
76 99
12 47
4 33
8 32
44 69
55 72
68 74
66 70
33 35
21 60
22 90
62 93
11 16
78 90
21 42
27 69
9 62
20 98
34 35
46 80
70 82
9 94
1 38
40 87
48 92
32 94
60 89
31 64
33 72
20 28
25 84
26 87
26 84
35 53
17 81
33 47
61 93
58 61
47 79
41 53
3 35
28 83
40 60
7 19
67 75
60 93
5 91
16 64
63 69
50 53
14 60
2 30
59 89
47 70
18 23
23 37
29 64
67 78
40 83
1 7
51 53
75 86
19 30
55 81
22 24
12 23
5 70
53 59
18 87
18 21
2 83
26 69
34 36
29 45
2 86
10 23
29 68
11 71
64 65
23 32
4 30
29 84
40 43
25 54
13 54
23 66
61 83
37 68
16 78
66 88
21 38
3 3
13 58
14 94
83 91
8 21
15 48
13 41
19 22
37 66
100 100
27 99
35 79
44 63
6 18
53 75
40 53
74 88
13 36
56 59
17 89
48 71
5 31
40 48
12 40
21 70
32 44
39 87
27 100
74 96
49 70
28 46
4 14
32 53
2 12
1 63
8 10
46 61
9 82
39 62
40 90
73 89
60 65
31 65
59 80
41 91
72 93
12 86
46 82
1 28
42 65
41 51
1 2
25 64
13 58
2 46
36 93
38 51
14 32
14 82
27 58
42 94
4 97
13 81
25 42
20 91
82 96
31 74
53 84
55 72
5 14
25 25
3 98
61 71
25 60
66 75
51 89
3 99
32 71
9 79
46 76
45 68
30 52
30 73
3 50
79 89
59 88
39 88
68 84
12 37
23 82
42 76
7 73
7 38
9 21
29 58
15 37
17 89
48 97
67 91
12 36
28 64
32 57
49 58
10 12
38 100
36 94
17 95
13 95
22 44
58 99
100 100
5 60
25 30
82 84
18 63
62 79
45 84
28 74
21 29
52 64
2 97
62 71
2 43
62 79
27 71
22 38
7 44
7 17
5 97
7 44
28 43
35 79
52 64
64 75
13 89
10 38
18 63
55 61
22 45
38 71
28 74
5 60
37 51
47 75
21 72
63 78
12 42
15 17
27 71
40 79
9 60
86 92
54 67
82 84
53 65
12 42
37 51
19 46
5 97
35 79
23 48
2 97
13 89
15 17
9 60
58 91
3 63
22 45
19 46
14 26
29 80
2 43
22 38
3 63
56 70
58 91
56 70
52 73
7 17
51 59
14 26
55 61
62 71
39 99
21 29
38 71
39 99
8 47
25 30
54 67
53 65
35 77
50 90
28 43
35 77
63 78
50 90
10 38
52 73
86 92
45 84
51 59
8 47
47 75
21 72
23 48
64 75
40 79
29 80
10 70
10 70
81 77
19 48
34 60
24 32
53 67
13 67
47 55
29 34
20 49
19 53
30 73
11 64
25 60
67 69
48 68
5 23
28 46
26 77
3 19
30 60
2 32
53 70
18 73
17 42
40 68
17 49
46 51
33 72
43 61
2 70
55 56
3 56
51 54
50 60
16 63
40 65
32 62
31 45
54 65
11 70
24 56
7 14
47 62
3 9
34 35
71 76
14 66
29 66
31 66
9 18
2 46
2 38
20 26
32 48
56 61
27 46
40 67
3 37
41 61
24 44
12 67
24 72
64 72
60 75
2 42
13 49
20 37
7 49
15 29
10 31
23 49
49 77
46 77
24 63
25 34
2 58
9 42
8 27
23 73
25 70
52 73
40 64
100 100
33 86
98 99
57 98
5 68
44 95
40 49
8 32
67 73
29 38
50 80
40 85
54 62
30 72
41 51
13 42
26 32
81 94
1 53
35 40
43 84
62 75
28 54
28 78
75 94
23 91
10 44
16 45
53 66
22 29
6 36
19 61
28 51
5 40
7 96
36 91
13 52
6 43
11 26
2 95
33 57
1 16
13 19
13 18
31 43
21 62
57 65
57 92
61 70
19 79
23 93
42 90
89 91
31 52
24 26
21 63
64 68
1 93
26 74
62 73
26 36
55 68
33 85
21 31
29 31
20 54
45 93
32 84
38 74
27 78
15 93
55 72
26 89
5 12
6 18
21 31
22 95
25 61
14 73
38 40
30 63
17 38
42 44
6 14
5 36
23 46
19 31
26 44
33 79
24 38
67 83
5 14
3 6
64 80
34 86
10 41
45 71
13 63
1 40
36 48
71 97
48 90
79 81
15 73
28 62
34 90
33 86
47 59
3 25
40 59
58 71
62 80
59 63
16 58
54 86
51 77
27 56
21 39
81 85
48 83
23 27
8 44
20 57
43 50
9 33
66 75
61 82
51 82
7 34
37 53
21 59
37 70
31 56
52 69
29 54
28 59
44 82
46 56
48 68
8 45
29 31
1 66
8 67
79 80
32 47
5 48
27 38
24 68
29 62
5 69
48 8
3 4
3 7
7 7
2 6
7 8
3 3
5 6
6 7
6 8
6 7
2 2
5 7
1 2
1 3
3 5
1 1
5 6
5 8
2 7
4 6
2 6
3 6
4 8
1 8
7 8
2 3
1 5
1 3
4 5
1 4
2 4
4 6
3 7
4 5
2 7
2 8
2 8
2 5
3 5
5 5
1 5
4 8
1 4
1 8
1 2
5 8
6 6
3 6
4 100
8 74
7 73
8 73
7 74
97 81
5 22
4 78
71 72
37 65
48 67
9 68
8 23
21 35
15 46
36 48
16 74
9 70
6 35
74 77
6 69
44 70
50 66
19 46
58 79
21 44
14 33
33 64
64 75
19 46
50 62
9 59
24 61
59 70
51 62
12 41
10 12
32 41
17 17
1 73
14 73
32 71
16 30
14 56
39 65
16 54
3 57
17 44
21 70
1 77
54 76
2 43
16 73
33 59
4 63
36 39
51 58
18 33
53 66
14 43
39 59
40 45
46 50
29 72
11 69
18 38
45 70
2 20
27 27
9 42
19 42
15 42
5 31
4 51
10 19
23 41
19 31
1 79
10 72
51 78
6 26
71 81
59 60
21 48
55 57
24 59
12 33
2 7
17 30
4 15
28 37
54 79
28 57
20 47
22 38
4 69
21 65
37 74
15 54
18 61
23 58
17 19
32 42
100 100
33 89
86 98
22 98
55 89
60 73
20 46
41 70
32 57
54 87
12 28
55 92
46 47
15 66
78 91
6 78
11 68
81 87
13 98
7 50
12 49
11 23
71 89
3 84
68 97
1 62
39 56
39 56
35 66
51 98
33 97
2 7
17 44
28 54
30 42
38 83
4 89
69 86
3 96
29 54
23 55
61 80
11 53
30 32
59 72
1 9
43 63
34 92
48 92
40 55
48 50
1 2
24 91
6 63
23 41
50 97
3 7
53 70
60 61
73 99
35 74
66 68
44 95
57 96
20 92
43 87
45 84
5 11
49 100
59 76
65 83
17 88
28 53
35 88
21 37
54 99
2 42
34 49
35 64
41 67
12 22
7 95
86 86
27 64
90 93
44 45
3 5
39 60
24 61
43 70
14 30
72 98
28 63
41 43
22 89
55 67
14 56
43 45
4 42
71 100
63 89
100 100
69 70
58 59
48 49
39 40
20 21
87 88
75 76
98 99
24 25
67 68
1 2
76 77
65 66
43 44
27 28
3 4
17 18
83 84
40 41
26 27
47 48
84 85
95 96
1 100
66 67
49 50
91 92
92 93
18 19
44 45
38 39
23 24
9 10
53 54
73 74
46 47
93 94
56 57
59 60
37 38
12 13
45 46
51 52
70 71
5 6
77 78
21 22
85 86
60 61
19 20
15 16
64 65
82 83
36 37
10 11
79 80
80 81
8 9
33 34
61 62
22 23
4 5
68 69
72 73
32 33
30 31
74 75
63 64
86 87
94 95
89 90
62 63
34 35
6 7
31 32
14 15
7 8
88 89
50 51
16 17
52 53
97 98
55 56
2 3
42 43
78 79
54 55
13 14
81 82
90 91
71 72
25 26
28 29
35 36
29 30
11 12
57 58
99 100
96 97
41 42
100 100
73 77
53 71
50 91
60 81
51 74
69 81
84 85
57 78
72 99
56 96
52 83
50 79
52 67
67 77
50 93
69 95
97 98
56 87
67 96
53 74
61 92
51 96
62 82
63 79
65 98
52 98
84 87
67 69
51 76
63 96
71 87
57 96
56 61
51 57
96 98
68 87
62 90
93 100
86 100
78 92
53 85
60 69
85 93
62 76
55 81
58 61
93 95
93 94
63 79
60 93
50 81
60 75
64 73
66 83
78 84
74 93
59 97
62 100
93 99
57 79
89 95
86 94
58 69
71 84
72 82
61 63
57 81
60 71
50 69
77 95
55 63
55 69
55 92
81 88
71 90
84 87
54 59
59 76
66 86
60 86
61 77
81 99
70 85
60 96
87 91
70 97
56 95
74 93
64 67
51 62
59 81
69 77
77 78
64 85
69 99
55 60
56 58
82 84
52 100
63 69
100 10
10 10
7 10
1 5
9 10
2 7
6 9
8 9
1 5
2 6
5 9
4 5
3 10
6 8
1 2
5 7
8 8
6 9
3 6
8 10
3 8
6 7
5 10
9 9
2 10
5 7
3 9
2 9
8 9
5 8
2 2
1 4
4 7
3 3
2 4
2 6
1 3
2 10
3 9
2 5
4 8
1 8
3 7
1 6
1 1
3 7
5 6
5 10
2 4
7 9
7 9
1 10
3 4
6 10
1 2
3 8
2 3
3 10
1 9
3 5
6 6
6 8
2 7
3 6
7 7
7 8
3 4
2 3
5 9
4 8
5 6
5 5
1 6
6 10
6 7
4 6
1 10
1 8
4 10
9 10
4 10
1 7
1 7
4 4
4 6
7 8
2 5
3 5
4 7
2 9
8 10
2 8
2 8
4 5
1 3
1 4
4 9
5 8
4 9
7 10
1 9
2 2
1 2
1 2
16 4
3 3
1 2
1 4
4 4
2 3
3 4
1 4
1 3
1 1
1 3
3 4
2 3
2 2
2 4
1 2
2 4
36 6
2 4
2 6
1 5
1 4
2 5
3 4
6 6
3 6
2 3
1 1
2 2
1 4
2 4
4 6
1 5
4 5
5 6
3 5
1 6
1 3
2 5
4 6
1 2
3 3
4 4
3 5
5 5
4 5
2 6
1 2
1 3
1 6
3 6
2 3
3 4
5 6
100 100
5 42
11 19
23 68
64 86
12 99
54 93
42 60
53 54
31 96
61 82
69 83
44 85
3 76
49 93
2 58
3 66
2 70
44 60
67 80
72 79
9 65
24 68
16 47
5 51
13 49
19 68
57 63
71 83
12 94
57 60
72 91
52 73
55 72
86 97
42 46
70 85
46 63
70 90
25 43
3 71
49 88
1 24
5 25
37 49
4 46
46 85
19 75
10 53
51 82
5 94
22 46
76 77
3 23
43 96
42 70
26 51
53 69
32 93
90 99
59 92
15 96
4 40
34 95
24 45
27 34
43 54
47 69
62 74
57 84
78 81
8 55
5 63
24 46
1 46
61 92
59 67
16 70
18 82
19 27
34 94
18 61
27 54
24 41
8 57
75 89
44 61
15 25
14 65
13 64
59 66
67 81
41 85
92 93
17 38
10 23
29 43
9 41
63 79
1 21
5 94
100 100
1 24
1 62
1 10
1 99
1 46
1 100
1 35
1 53
1 93
1 6
1 78
1 71
1 21
1 76
1 91
1 2
1 56
1 29
1 69
1 7
1 18
1 40
1 54
1 73
1 20
1 19
1 82
1 16
1 52
1 60
1 38
1 64
1 44
1 72
1 22
1 68
1 15
1 58
1 79
1 51
1 96
1 25
1 80
1 23
1 27
1 32
1 61
1 75
1 47
1 90
1 92
1 43
1 26
1 4
1 55
1 42
1 65
1 94
1 50
1 88
1 89
1 84
1 70
1 59
1 33
1 74
1 8
1 77
1 45
1 31
1 97
1 86
1 37
1 3
1 36
1 98
1 95
1 9
1 14
1 63
1 48
1 28
1 34
1 17
1 12
1 11
1 67
1 5
1 13
1 83
1 81
1 49
1 39
1 30
1 66
1 87
1 57
1 85
1 41
1 1
100 100
59 75
41 60
13 92
27 36
24 95
61 97
20 29
27 94
48 92
7 10
2 19
13 27
7 83
41 44
61 97
68 75
5 43
27 36
13 51
13 51
13 27
64 96
64 96
45 55
10 59
35 36
36 71
18 52
48 86
5 34
25 97
13 92
36 71
40 53
18 52
58 62
15 26
68 92
23 40
38 98
41 44
20 29
7 52
16 23
38 98
23 40
27 94
54 79
5 43
2 19
22 75
58 62
10 59
6 47
22 75
73 74
11 33
73 74
35 36
7 52
15 56
70 72
5 34
59 75
12 98
41 60
70 72
48 86
25 58
15 56
61 80
25 97
45 55
48 92
61 80
6 47
28 61
60 72
20 34
54 79
12 98
36 60
24 95
36 60
28 61
7 10
74 75
60 72
7 83
68 92
25 58
68 75
26 42
11 33
16 23
26 42
15 26
20 34
74 75
40 53
2 100
1 2
1 1
100 100
19 23
32 67
31 41
58 95
51 90
64 92
65 69
51 52
9 94
49 60
73 95
54 63
7 19
91 96
31 39
16 36
57 74
50 83
48 86
37 41
43 100
61 96
59 63
76 86
18 91
22 32
45 80
34 34
21 92
3 28
39 71
24 47
12 31
57 59
10 77
10 22
18 88
43 75
43 48
78 94
3 5
5 25
64 76
43 55
53 59
2 15
85 86
14 92
80 97
23 67
77 93
28 97
1 65
59 86
27 75
26 35
6 83
23 49
54 94
44 78
65 67
26 33
77 92
46 71
35 96
24 40
26 82
20 39
13 92
15 21
57 94
86 91
1 36
29 86
3 70
5 8
75 98
50 75
13 47
50 79
47 56
30 76
70 76
12 40
34 92
37 67
6 11
39 69
8 50
4 81
5 96
36 54
44 44
41 73
61 92
3 94
5 79
66 73
32 36
89 98
58 31
21 23
26 29
17 26
1 16
10 14
3 31
3 14
12 15
6 21
13 13
7 14
12 20
7 17
8 21
4 25
10 14
26 29
6 10
11 21
4 10
6 14
2 19
11 29
18 26
17 26
5 29
14 26
6 29
18 20
7 25
3 21
15 31
4 16
25 26
9 26
20 26
4 14
12 14
3 26
5 15
4 31
22 31
11 19
12 22
8 8
5 21
13 27
21 26
6 27
1 29
11 15
6 8
9 25
6 16
2 23
6 28
2 20
22 30
100 100
49 99
32 49
35 46
36 47
34 42
60 76
73 93
9 39
9 94
54 99
27 69
74 94
37 73
52 55
63 65
10 11
59 93
47 57
69 98
43 55
22 45
77 79
30 53
50 79
15 90
56 94
19 95
78 86
62 63
55 64
13 25
27 74
61 69
4 27
33 73
79 88
58 59
49 90
25 91
51 98
6 67
41 74
61 98
10 92
28 96
25 81
11 24
34 72
55 92
19 73
19 85
17 68
32 97
19 24
59 96
39 69
33 89
50 90
5 73
21 33
45 86
31 86
77 93
34 34
9 23
6 41
1 11
21 45
22 56
70 93
32 97
37 53
40 84
44 57
61 91
50 73
45 98
34 49
43 56
67 84
15 82
40 80
92 93
33 61
6 67
58 84
3 47
69 86
4 69
78 80
57 100
39 69
31 43
10 75
24 78
17 71
38 88
15 90
67 99
31 47
56 8
4 6
1 2
6 8
3 6
3 6
3 7
2 4
3 8
1 8
4 8
5 6
4 5
4 5
5 8
1 7
1 6
3 8
1 2
3 5
2 7
2 5
4 6
1 4
2 4
3 4
7 8
6 8
1 8
2 7
1 5
2 5
3 4
1 5
4 8
2 8
4 7
2 6
5 7
2 3
3 5
1 7
2 6
2 8
1 4
1 3
1 3
7 8
5 7
5 8
3 7
4 7
2 3
6 7
5 6
1 6
6 7
100 100
38 54
21 76
44 51
50 70
59 95
2 82
46 48
40 99
41 84
50 55
21 62
5 72
3 79
21 76
41 92
62 71
43 57
9 67
21 44
2 82
62 94
9 26
81 86
62 71
8 52
62 94
31 67
80 88
40 99
8 42
4 41
13 66
17 72
59 95
74 79
81 86
10 89
49 88
18 25
45 93
8 51
2 49
21 78
41 92
18 54
21 78
16 56
8 52
61 86
77 98
18 46
5 72
17 72
16 56
7 72
4 41
74 79
46 48
45 93
7 98
61 86
21 62
28 73
8 51
21 44
10 89
6 99
2 49
50 55
77 98
50 70
38 54
13 36
13 66
80 88
13 36
18 54
6 99
18 25
9 26
28 73
13 27
31 67
5 11
7 72
13 27
7 98
43 57
25 32
44 51
38 93
41 84
5 11
38 93
3 79
25 32
8 42
9 67
18 46
49 88
50 95
34 39
7 39
29 60
5 57
36 75
28 81
49 49
2 15
80 92
59 80
5 42
19 65
16 65
8 95
66 87
22 90
3 91
90 95
28 55
60 90
55 60
7 46
35 53
30 64
18 51
36 71
30 59
14 17
9 13
25 91
13 79
7 54
65 89
39 66
18 48
2 3
18 92
78 89
14 71
37 87
5 27
56 57
14 15
54 74
72 92
38 39
9 43
17 94
40 58
15 28
6 53
26 35
33 44
2 47
8 19
30 45
22 50
100 18
16 18
13 17
6 10
3 15
6 16
2 13
7 14
6 12
5 8
8 17
1 13
8 16
12 15
11 12
5 6
3 11
7 12
7 11
9 17
3 14
3 15
6 16
8 13
6 8
15 17
10 12
7 9
17 18
12 13
3 9
8 10
7 18
1 12
2 2
4 17
12 13
7 12
12 17
11 17
4 4
9 15
8 15
12 17
7 18
6 10
4 15
1 18
2 15
12 18
1 3
5 11
6 15
14 15
8 8
2 9
8 17
11 13
4 6
1 15
2 9
12 15
9 14
3 6
9 12
9 15
3 17
12 18
3 7
11 14
8 16
6 18
4 11
1 9
3 4
8 13
8 12
1 17
5 10
6 11
13 18
1 17
11 17
3 4
2 16
13 18
10 11
10 13
7 10
10 14
5 14
5 9
8 15
5 12
2 6
11 11
3 18
13 16
9 18
11 18
4 5
40 16
2 7
8 11
1 16
1 12
12 15
7 14
3 13
8 10
16 16
1 16
11 16
13 16
5 9
6 12
6 13
1 6
6 12
15 16
3 14
11 14
10 15
1 3
7 12
4 7
5 12
2 4
3 6
8 15
8 10
10 16
2 13
10 13
7 15
10 10
3 5
4 7
5 6
3 16
4 12
10 12
100 11
6 11
1 6
8 9
2 5
3 6
4 7
1 6
1 8
3 4
5 9
1 9
1 7
2 10
4 7
3 5
3 7
2 5
4 8
6 10
3 7
2 4
8 8
3 11
7 10
10 10
2 11
3 5
1 4
5 7
1 3
4 5
5 7
2 11
2 6
4 11
2 2
2 7
1 10
7 10
2 9
4 9
7 11
3 9
6 9
1 10
4 6
9 11
8 10
4 10
1 3
6 9
4 6
1 5
4 11
4 4
9 11
7 8
8 10
8 11
5 10
5 11
9 10
1 2
2 10
1 9
3 4
1 1
3 11
11 11
6 8
7 8
5 11
5 8
3 10
1 7
5 6
3 9
3 8
7 11
3 10
3 8
1 4
5 8
8 11
5 6
1 2
2 4
8 9
4 5
2 3
2 7
4 10
5 9
10 11
2 9
7 7
2 6
4 9
2 8
6 10
100 100
17 60
17 22
8 22
42 51
39 97
34 70
61 100
44 79
43 81
10 55
12 98
55 91
17 33
15 71
2 54
38 93
53 72
40 51
18 81
6 65
29 79
60 75
22 34
41 73
36 70
28 98
5 78
69 77
7 31
37 95
30 73
36 97
7 100
41 86
8 78
34 88
82 87
69 87
5 59
32 45
84 90
54 66
7 76
41 45
62 68
67 77
34 71
10 74
46 57
53 71
41 51
2 34
38 47
27 97
4 70
19 47
19 66
22 35
36 50
35 92
6 29
57 59
58 74
89 99
2 70
9 97
68 78
39 91
55 84
51 65
22 59
6 19
11 95
5 81
64 90
30 78
24 86
3 11
40 51
70 71
9 42
13 68
11 94
43 58
76 82
38 98
29 41
86 92
38 85
62 70
6 73
39 40
14 57
37 37
14 89
11 13
2 53
80 82
9 47
76 86
96 44
3 22
12 31
17 23
4 37
3 18
11 37
4 30
19 44
23 35
28 36
2 13
10 21
10 16
23 31
19 22
16 26
9 29
35 41
16 35
8 17
25 36
8 43
3 28
13 41
10 39
14 17
30 43
6 8
12 32
1 41
20 44
2 31
33 39
31 33
16 36
4 16
16 31
20 44
16 44
7 35
32 33
5 19
2 16
25 38
5 14
16 29
20 28
19 33
4 30
9 10
25 28
7 26
33 41
11 26
23 36
10 24
28 39
9 25
23 24
14 40
10 13
12 16
15 28
9 40
24 35
21 44
23 29
18 26
12 38
17 18
12 39
18 44
1 6
1 9
6 37
5 22
19 36
11 20
14 43
7 40
20 31
12 27
17 36
26 27
12 43
13 24
12 23
10 23
9 10
6 23
22 28
15 43
5 11
8 23
16 36
8 29
10 74
67 69
31 66
34 38
23 51
14 54
40 74
23 54
44 47
10 18
40 72
100 17
13 17
11 14
3 4
2 17
5 16
2 9
4 16
9 16
9 10
8 16
5 13
1 4
4 7
7 12
7 8
3 11
6 15
12 16
2 14
4 11
2 4
2 15
3 10
9 12
3 14
2 14
12 17
2 12
3 17
1 12
6 6
1 7
1 14
10 11
5 17
1 2
12 12
5 16
7 17
9 10
2 12
1 9
2 10
10 17
5 12
6 15
7 15
5 14
1 16
7 11
7 11
6 10
8 11
6 17
5 8
7 14
6 16
8 15
1 11
15 16
13 14
5 5
5 13
1 2
16 17
3 13
10 16
5 15
8 16
12 14
1 15
2 17
7 10
11 13
1 11
8 13
9 13
9 14
2 16
4 8
7 12
2 13
1 6
4 11
2 5
3 12
3 12
7 8
5 15
2 13
2 9
2 4
13 13
10 11
5 12
6 12
9 13
14 14
11 13
3 4
100 12
3 12
3 8
5 6
5 8
8 10
4 9
1 2
4 5
2 3
1 6
7 9
1 3
3 9
3 11
4 6
7 11
1 4
2 8
9 12
3 6
2 11
2 7
3 4
1 10
5 11
2 3
8 9
1 11
3 7
2 9
5 8
7 12
1 8
1 9
10 11
3 12
4 9
2 5
6 8
9 12
7 9
7 8
3 8
2 12
4 8
5 9
7 10
7 10
1 1
6 11
3 11
8 12
2 8
8 12
4 11
6 11
1 8
7 11
2 10
4 12
2 6
6 9
4 10
5 11
2 12
4 10
6 7
3 10
8 10
7 12
11 12
4 12
1 11
3 9
8 9
3 6
2 4
12 12
3 4
1 10
6 12
2 6
5 12
4 11
5 9
6 7
3 5
9 9
2 4
3 5
5 12
7 8
1 5
3 7
1 12
2 11
10 10
8 8
2 5
9 11
20 64
13 44
37 45
15 45
1 27
8 43
24 57
25 42
18 32
45 51
26 41
6 37
41 57
13 35
32 40
7 10
42 49
16 35
42 60
8 26
3 9
12 4
1 2
1 3
2 3
1 2
3 4
2 4
2 4
1 4
3 4
1 4
2 3
1 3
100 100
4 24
27 74
23 85
4 82
2 99
27 84
78 80
11 66
61 82
15 79
56 74
46 93
5 96
18 57
14 59
33 92
48 49
35 65
4 20
28 49
3 58
45 49
71 97
25 68
28 43
17 82
31 98
46 64
1 4
42 92
38 72
12 16
16 98
18 98
29 96
32 53
24 66
64 65
55 80
9 49
19 64
92 93
57 80
21 65
6 17
17 53
56 96
35 80
2 10
30 43
7 46
20 64
26 53
11 29
16 69
14 42
32 89
19 46
62 93
20 67
29 33
16 56
70 100
8 38
32 45
66 77
47 57
72 98
28 43
11 25
31 93
30 54
14 61
33 64
9 75
2 65
16 43
3 45
17 35
4 40
39 44
75 100
42 55
43 59
36 44
12 45
4 68
22 28
64 97
1 44
8 76
55 61
12 84
17 47
3 14
9 12
28 37
83 98
62 92
7 99
100 100
17 58
20 56
55 62
14 56
15 70
9 51
9 35
52 66
8 45
22 36
49 63
5 35
84 85
52 74
27 28
9 27
76 92
32 63
27 90
74 81
28 93
44 83
24 92
21 30
33 38
25 47
19 54
26 56
14 95
31 60
41 46
62 93
32 58
31 64
18 33
14 80
39 74
24 48
47 62
52 95
44 88
14 62
4 50
61 88
25 100
5 58
26 95
66 90
44 69
46 53
44 45
77 99
28 72
10 37
9 72
8 43
50 91
8 48
1 67
60 64
27 91
65 97
16 96
32 40
75 79
33 88
53 83
2 76
79 82
26 64
12 51
73 95
75 98
62 71
43 90
62 66
40 55
30 66
39 93
43 72
11 87
53 87
2 28
30 32
3 28
4 4
52 68
34 54
32 46
46 81
5 78
47 89
69 97
47 78
26 86
6 41
31 90
42 55
37 78
67 88
100 100
8 90
4 15
18 43
4 29
74 78
19 24
40 98
7 10
55 64
4 29
65 87
69 91
18 43
51 93
8 90
14 100
10 44
28 32
76 97
18 69
46 64
33 83
40 93
54 74
37 81
28 32
74 78
83 91
1 70
29 84
32 83
84 98
46 73
19 24
32 83
28 79
18 69
42 100
33 83
40 98
71 75
14 100
84 98
53 94
70 83
53 94
92 93
79 97
32 73
41 89
94 98
28 79
77 90
25 31
44 50
55 64
7 10
51 93
37 81
20 63
42 100
94 98
10 44
59 95
28 97
57 83
70 83
29 67
9 14
80 97
65 87
4 15
29 67
32 89
9 14
25 31
71 75
59 95
29 84
57 83
32 73
92 93
80 97
79 97
41 89
46 73
54 74
28 97
1 70
44 50
77 90
83 91
61 87
46 64
69 91
32 89
61 87
40 93
76 97
20 63
100 15
1 14
7 9
2 12
11 13
15 15
3 15
6 12
3 15
7 15
9 11
8 15
2 3
8 11
10 11
6 13
3 7
6 14
5 14
4 14
12 13
1 7
2 15
8 15
4 11
8 14
3 5
12 13
8 12
6 8
6 7
10 11
4 8
2 7
7 10
7 15
5 9
10 15
10 14
6 8
4 8
3 11
10 12
3 4
2 13
1 7
2 3
3 12
8 12
4 10
11 12
3 12
4 9
4 5
8 14
7 12
11 14
9 10
7 10
1 9
1 9
4 10
9 14
5 10
11 14
5 15
1 6
1 4
2 5
7 7
3 14
10 12
1 6
1 8
1 14
1 5
2 8
1 11
5 11
3 4
6 10
1 5
9 11
2 15
6 7
5 9
2 11
9 10
13 15
1 13
13 15
1 13
3 14
6 10
2 2
3 6
1 8
4 14
9 12
3 5
4 11
5 16
6 12
12 14
4 13
7 15
2 11
100 100
2 86
1 7
1 89
1 63
2 92
2 76
1 67
2 18
2 88
1 69
1 93
1 23
1 39
1 27
1 53
2 78
1 9
2 72
2 6
2 20
1 29
2 74
1 33
2 36
2 40
1 51
1 57
2 30
1 35
2 84
2 48
1 31
1 47
2 90
1 97
1 85
2 56
1 49
1 21
2 44
2 8
1 91
1 17
1 15
1 71
2 82
1 61
1 59
2 22
1 5
2 80
2 52
2 70
2 98
1 13
1 81
2 28
2 100
1 25
2 16
2 10
1 1
2 46
2 24
2 38
2 32
1 37
1 19
1 43
1 75
1 65
2 54
1 11
1 87
2 68
1 73
2 34
1 3
2 94
1 83
1 41
2 62
2 50
2 12
1 55
1 95
1 99
2 14
2 60
2 96
2 2
2 58
2 66
2 64
1 79
1 77
1 45
2 42
2 26
2 4
87 55
26 44
29 47
4 23
11 16
15 31
6 25
26 31
5 53
35 36
6 37
6 41
28 36
1 26
33 36
7 19
13 39
6 24
6 53
48 51
7 24
13 19
30 52
23 43
11 26
17 33
3 29
34 45
23 50
17 23
1 27
12 38
52 54
40 48
2 43
24 54
5 9
31 44
23 35
15 40
7 28
45 46
29 40
16 23
27 41
7 54
12 38
25 40
7 15
13 41
7 50
12 15
4 43
21 45
18 46
3 21
21 55
37 43
35 42
46 48
15 51
19 37
15 16
14 37
19 23
10 48
30 31
32 48
9 38
18 26
35 38
19 27
9 34
32 37
13 24
32 35
19 29
30 39
22 38
5 32
8 10
4 35
4 44
36 51
11 19
24 43
24 46
29 55
45 42
13 14
1 10
15 40
5 20
1 20
9 25
5 40
12 42
22 42
17 37
7 27
5 11
32 33
18 38
4 35
40 41
6 41
3 17
22 29
18 25
25 38
35 38
1 36
3 31
31 42
21 42
4 17
34 37
20 24
30 42
3 31
17 19
10 25
11 15
27 37
39 41
11 12
3 22
25 33
22 36
1 9
16 42
40 42
13 33
31 38
83 26
11 16
3 25
21 22
6 12
14 16
23 24
5 21
3 23
9 20
6 14
11 21
7 18
5 26
1 7
15 24
5 26
4 21
1 16
3 21
23 26
8 18
15 23
14 19
16 16
9 24
12 25
11 21
3 21
4 8
14 16
21 21
10 12
7 14
11 26
4 19
7 17
16 21
17 20
11 23
1 21
25 26
12 24
7 11
9 26
1 5
8 21
8 10
4 21
1 11
9 23
5 10
1 18
13 25
9 26
1 21
11 24
5 14
15 25
14 23
7 24
6 25
13 20
3 10
4 4
13 21
18 22
10 17
5 9
13 15
15 18
1 22
21 26
2 11
21 23
15 24
14 19
1 5
13 14
15 23
16 22
7 25
2 24
10 14
100 100
19 100
40 44
30 53
78 100
16 31
39 53
17 41
16 31
10 85
41 54
41 54
39 96
78 100
35 43
7 61
21 74
50 55
58 74
33 62
43 72
10 99
43 72
33 62
73 78
8 85
13 24
13 81
30 49
20 91
90 92
65 79
65 79
45 61
4 91
63 92
1 62
76 77
76 77
80 93
44 67
39 53
58 74
21 74
10 85
63 84
8 85
1 48
20 61
13 24
43 69
29 74
74 83
15 94
67 70
63 84
19 100
50 55
4 91
40 44
15 94
74 83
29 74
13 25
44 67
50 78
7 61
38 67
67 70
46 62
38 67
39 96
8 95
8 50
30 53
50 63
50 78
50 63
10 99
9 17
30 49
17 41
63 92
8 50
5 29
9 17
13 25
80 93
5 29
13 81
46 62
20 61
1 62
20 91
8 95
90 92
43 69
35 43
1 48
45 61
73 78
16 100
25 85
26 87
27 85
25 88
27 88
26 85
27 87
28 87
28 85
28 86
26 88
25 87
27 86
25 86
28 88
26 86
2 2
2 2
1 1
100 100
19 55
52 84
79 84
6 48
18 67
5 64
48 52
16 56
13 16
28 34
21 58
26 33
16 54
35 43
32 69
2 37
35 84
60 97
8 19
68 98
3 42
15 21
53 82
12 44
44 73
5 6
55 79
3 78
40 52
6 11
68 95
6 12
33 36
3 52
28 92
20 90
2 69
19 54
31 47
3 27
24 66
21 76
4 96
19 30
20 73
93 94
48 55
8 41
42 67
15 48
11 23
9 45
17 88
13 58
6 82
3 23
43 78
27 53
11 53
47 50
14 16
22 97
17 56
63 64
68 68
68 85
35 97
29 35
72 92
19 34
51 71
55 100
10 25
4 18
1 37
61 84
63 78
54 79
28 47
1 100
14 28
46 54
50 73
11 79
43 97
80 92
17 30
60 90
72 85
55 84
7 28
57 65
7 39
57 59
17 36
59 65
36 75
19 87
12 92
63 90
100 100
5 96
9 92
11 90
17 84
27 74
20 81
38 63
22 79
18 83
33 68
6 95
47 54
29 72
48 53
30 71
21 80
26 75
17 84
39 62
4 97
3 98
37 64
1 100
38 63
18 83
29 72
19 82
14 87
13 88
6 95
4 97
31 70
37 64
28 73
30 71
40 61
31 70
11 90
33 68
25 76
43 58
14 87
35 66
10 91
50 51
36 65
42 59
35 66
41 60
45 56
3 98
23 78
28 73
20 81
25 76
23 78
13 88
21 80
15 86
15 86
46 55
2 99
16 85
46 55
49 52
24 77
47 54
45 56
10 91
34 67
2 99
5 96
32 69
27 74
8 93
41 60
24 77
8 93
48 53
16 85
12 89
43 58
9 92
7 94
34 67
19 82
42 59
12 89
1 100
26 75
40 61
50 51
44 57
49 52
44 57
36 65
39 62
7 94
32 69
22 79
100 100
37 41
59 88
38 41
81 85
1 14
77 80
47 99
60 100
47 83
47 83
10 98
13 98
44 53
38 55
50 95
69 93
2 16
60 100
60 72
23 79
10 98
51 64
51 62
29 84
15 25
2 16
53 56
47 99
51 62
37 41
39 79
12 46
23 68
12 46
34 70
86 90
29 43
14 52
6 95
38 55
14 52
19 99
29 84
38 41
69 93
77 80
50 95
9 21
26 36
3 85
9 21
23 79
33 93
43 80
81 85
33 78
72 86
1 14
34 70
1 45
20 52
2 58
43 80
50 75
33 78
50 75
60 72
33 71
86 90
26 36
15 25
23 68
50 97
59 88
31 46
16 89
23 34
38 91
44 94
3 85
20 52
13 98
44 94
33 71
72 86
33 93
39 79
19 99
29 43
6 95
1 45
38 91
16 89
2 58
50 97
53 56
51 64
31 46
44 53
23 34
100 100
25 42
26 62
13 67
20 77
22 25
17 56
69 84
19 33
6 18
37 51
46 72
5 30
34 48
21 86
89 91
71 79
18 35
23 67
57 71
68 89
7 56
5 53
53 61
54 55
60 66
39 94
40 73
8 9
35 65
3 45
39 58
61 96
8 48
1 91
32 53
13 38
39 40
17 54
36 52
69 92
2 77
59 76
36 37
19 97
29 91
39 52
93 96
16 97
13 14
12 27
9 82
42 80
47 73
40 80
7 28
5 90
31 53
63 73
2 10
31 86
25 73
3 85
10 72
22 70
41 83
68 74
29 81
67 84
18 95
35 41
6 13
17 77
12 70
2 49
8 54
54 59
18 99
65 91
64 75
43 47
15 85
10 70
66 72
45 60
4 11
74 87
65 88
57 71
5 62
59 100
64 91
35 44
30 76
25 78
41 50
23 24
98 100
11 43
33 71
29 67
64 100
16 53
9 52
15 56
9 51
10 55
16 55
16 57
10 51
11 56
10 57
14 51
14 53
12 51
14 52
14 50
14 55
12 50
11 57
13 56
14 57
13 53
12 52
9 50
11 50
11 55
16 56
9 53
15 57
11 52
10 53
16 52
12 55
13 57
12 56
11 53
9 55
9 54
10 56
14 54
15 51
14 56
10 54
11 51
15 54
12 53
16 51
15 53
12 54
13 50
12 57
10 52
13 54
9 57
15 55
13 51
9 56
11 54
13 52
10 50
16 54
13 55
15 50
15 52
16 50
100 100
56 79
10 82
41 75
6 22
82 86
10 92
56 100
2 22
25 70
56 82
27 29
24 51
55 98
23 96
23 60
8 21
43 76
51 73
25 100
52 83
44 60
9 92
49 73
14 32
52 94
4 10
54 95
19 61
63 92
47 95
58 85
48 61
25 66
32 100
10 32
34 87
76 90
2 92
33 83
45 73
51 96
12 90
23 72
16 74
50 73
4 17
18 98
59 82
53 90
8 53
5 11
66 96
10 22
15 33
63 78
66 95
70 84
21 25
5 70
54 57
57 89
12 25
2 95
26 94
46 52
41 56
12 15
13 97
35 96
16 41
17 91
73 76
63 78
25 99
9 12
67 73
1 62
11 38
2 10
23 78
73 77
51 86
36 99
37 48
15 98
68 82
40 83
11 31
52 93
42 92
26 94
24 37
9 87
34 35
13 31
40 51
9 42
67 77
39 72
8 95
90 10
1 4
6 8
6 10
3 10
5 9
3 5
3 6
1 8
1 5
3 10
7 8
1 7
2 9
2 4
4 5
2 5
9 10
5 8
5 10
1 4
1 10
3 7
1 6
6 9
8 10
5 9
2 3
1 9
2 6
2 10
8 9
2 8
1 7
3 9
3 8
3 7
4 5
4 6
4 8
4 10
6 7
7 10
3 5
1 2
4 8
5 7
3 4
3 6
1 8
1 5
1 3
6 10
2 8
2 6
2 7
2 9
7 10
1 3
2 3
4 9
4 9
3 9
2 5
8 9
4 7
3 8
1 9
5 10
5 6
5 8
1 2
4 7
2 7
7 9
6 8
4 10
8 10
9 10
3 4
5 6
2 10
6 7
1 10
4 6
6 9
7 8
5 7
7 9
2 4
1 6
100 100
19 58
80 92
18 31
42 58
44 62
4 11
41 62
7 14
11 23
26 88
50 89
38 55
47 91
10 29
5 81
20 43
30 44
43 77
41 65
11 88
21 23
26 53
75 90
43 93
15 75
62 67
16 43
52 81
6 71
4 68
84 87
14 88
18 93
10 84
70 81
59 86
19 65
18 94
17 72
66 96
40 98
46 60
74 95
51 88
16 36
1 59
30 83
3 35
14 75
24 68
90 99
29 74
51 57
38 41
50 70
5 75
41 91
6 22
29 81
69 92
51 59
39 41
48 51
21 35
67 95
21 73
61 68
40 69
43 80
37 77
55 76
14 61
3 34
20 27
25 26
5 89
17 77
19 59
34 53
65 66
35 55
82 89
16 24
55 98
10 57
14 64
6 32
15 77
15 44
40 82
57 62
39 91
33 34
37 92
4 87
39 52
48 74
27 91
9 51
85 100
34 83
22 29
6 56
66 83
28 48
31 59
24 58
50 64
48 76
3 51
5 59
13 15
42 66
49 72
41 56
53 61
2 36
12 35
65 68
2 38
44 76
8 10
44 69
1 44
50 56
5 35
27 41
3 72
26 49
7 25
24 74
13 44
4 63
6 10
56 67
97 73
24 25
24 41
13 36
9 38
5 42
14 41
1 24
31 58
55 60
52 53
53 55
3 43
3 20
1 23
7 55
13 57
43 60
41 69
35 50
24 66
24 55
9 44
8 64
3 27
31 59
56 67
26 67
32 42
33 49
16 36
40 51
46 73
20 62
10 13
16 29
22 31
13 71
25 50
3 13
13 24
16 53
46 62
15 35
3 68
29 35
37 72
16 19
22 33
45 45
7 50
22 35
46 59
17 25
9 25
7 18
29 58
6 71
27 66
43 60
42 57
29 47
69 73
44 73
7 33
22 54
31 70
51 60
4 63
2 35
31 55
37 44
11 59
22 69
43 56
2 18
29 56
4 65
31 59
13 45
29 46
15 31
9 11
8 34
31 51
7 14
18 21
16 18
5 14
40 50
22 56
27 51
46 70
4 35
9 13
28 59
17 35
10 69
13 97
52 86
9 40
33 62
43 67
8 20
67 88
40 66
63 89
26 97
29 84
20 60
6 29
34 85
100 100
57 98
54 81
57 76
53 94
87 88
86 87
66 84
52 61
79 95
72 73
74 88
88 90
77 81
73 93
54 73
59 83
80 96
73 82
55 72
50 71
62 87
85 86
60 77
52 69
55 92
62 67
52 72
60 94
73 99
71 81
56 69
52 63
89 100
59 95
81 91
73 85
60 74
55 92
65 91
55 59
58 76
58 75
68 71
50 99
82 82
79 90
83 91
70 81
68 81
81 88
53 57
78 84
64 95
55 83
57 88
54 62
85 85
73 75
67 99
59 91
73 90
55 87
55 63
62 83
55 57
60 79
90 96
72 93
96 97
79 97
76 93
56 71
53 65
70 100
65 76
50 93
63 75
79 95
72 97
65 69
64 86
85 95
52 53
87 88
82 92
69 80
59 78
61 95
63 97
61 77
58 59
90 100
61 71
65 92
55 83
58 78
72 92
51 88
66 99
73 84
100 100
7 96
15 79
65 98
52 87
39 80
32 51
75 93
28 46
31 56
18 79
4 35
34 81
93 100
19 95
22 36
70 87
10 46
62 85
48 75
62 75
13 76
32 97
73 76
33 87
7 61
13 82
12 73
30 99
35 96
35 55
53 76
55 75
16 30
36 58
8 23
26 72
69 78
35 83
3 71
1 54
21 86
13 34
19 86
18 73
55 74
79 95
49 53
21 84
14 32
12 90
61 83
38 71
13 95
23 28
15 81
40 57
25 65
21 27
15 87
37 79
62 97
13 59
27 87
27 30
7 28
44 66
56 98
55 84
1 25
10 72
66 70
13 29
26 29
9 28
15 83
74 99
29 62
56 59
1 4
2 21
18 83
9 97
1 14
52 54
43 95
65 70
37 60
29 77
6 90
55 80
25 87
27 63
52 61
3 97
25 76
8 39
53 53
36 45
63 97
18 97
3 2
1 1
1 2
1 2
100 100
34 52
13 27
38 62
51 96
15 41
86 97
21 66
74 96
66 85
1 84
83 99
10 84
53 74
44 77
3 93
31 53
78 92
35 88
66 100
1 44
1 17
44 80
77 80
2 90
88 97
23 68
53 58
32 46
3 36
13 68
21 68
50 99
4 88
53 86
6 38
30 48
43 96
58 76
78 96
12 54
29 97
39 80
16 59
17 93
50 92
24 78
26 95
15 49
46 53
37 73
55 62
17 36
82 89
47 89
27 84
24 89
19 38
53 83
3 8
31 45
32 61
20 75
1 25
20 76
69 88
80 99
95 97
16 51
21 56
33 76
36 95
43 87
56 90
57 97
33 54
56 98
1 77
5 48
35 98
5 89
10 68
13 63
37 82
30 43
7 53
14 94
5 17
14 70
35 66
1 77
35 87
8 51
70 87
2 88
52 70
36 44
17 71
32 63
16 96
22 51
73 9
1 5
3 4
7 9
3 3
5 6
1 5
1 1
2 9
5 6
4 8
2 3
4 9
8 8
4 7
2 5
1 6
4 7
6 7
3 8
3 5
1 4
2 9
4 5
1 7
1 7
3 9
2 6
2 6
2 3
2 7
2 7
4 5
6 9
7 8
3 8
2 8
3 7
3 4
3 6
6 7
3 5
8 9
8 9
4 6
5 5
7 8
2 2
1 2
1 2
1 3
6 9
4 8
1 3
2 4
1 4
3 6
6 8
1 6
2 5
1 8
2 8
1 8
5 9
5 7
7 7
4 9
6 8
5 8
5 8
1 9
2 4
3 9
5 9
53 96
19 54
33 74
51 53
5 87
25 90
8 80
44 80
23 37
61 64
40 83
17 68
19 37
55 64
21 27
26 86
11 58
68 71
71 74
31 92
20 87
11 44
14 49
66 78
29 43
11 84
1 69
69 78
72 85
12 36
55 73
54 60
24 40
42 85
61 66
2 43
12 23
41 60
47 54
25 54
34 73
75 83
23 60
43 53
17 93
27 31
2 33
2 37
20 49
8 81
55 74
37 47
21 79
26 40
4 2
1 2
2 2
1 2
1 1
100 100
43 93
71 77
50 56
10 42
7 66
16 75
15 44
17 53
59 86
68 73
18 76
35 63
3 99
67 71
84 99
3 38
35 51
5 86
76 83
18 76
29 38
64 76
59 98
35 63
20 51
1 6
48 74
6 9
50 56
36 81
29 38
15 44
79 99
35 54
64 76
8 42
2 3
18 86
37 73
84 99
35 54
11 29
5 86
16 75
11 39
8 42
2 39
3 38
20 51
18 28
2 39
19 62
3 99
48 74
18 28
33 88
10 42
48 49
37 73
51 83
39 84
36 81
59 98
86 99
57 89
73 84
19 62
73 84
17 37
86 99
79 99
11 29
81 98
76 83
67 71
59 86
18 86
10 43
43 93
48 49
51 83
17 37
35 51
7 66
10 43
10 87
11 39
10 87
26 97
39 84
71 77
1 6
26 97
81 98
2 3
57 89
68 73
33 88
6 9
17 53
100 100
43 53
19 95
59 64
48 61
39 53
35 41
6 46
84 94
52 96
6 46
15 42
28 48
67 89
12 95
12 76
20 30
9 39
20 31
17 38
33 47
12 76
59 64
30 90
7 30
12 95
9 39
49 51
28 48
8 60
35 41
5 29
1 33
69 96
62 81
4 31
25 90
27 78
13 55
25 90
43 53
3 29
15 42
1 33
7 30
4 31
80 92
30 90
48 75
66 76
42 68
19 95
80 92
68 83
13 55
5 29
45 88
74 78
33 47
3 29
41 93
71 96
39 85
17 38
63 77
84 94
80 91
83 94
48 75
27 78
8 60
65 68
45 88
22 88
15 16
74 78
39 53
49 51
13 100
66 76
67 89
63 77
42 68
20 31
20 30
24 75
15 16
24 75
41 93
80 91
68 83
65 68
13 100
39 85
62 81
48 61
83 94
69 96
71 96
22 88
52 96
30 6
1 3
3 5
1 4
1 2
3 4
2 6
4 5
1 5
2 6
1 3
4 6
1 6
5 6
1 5
2 3
3 6
2 5
1 6
3 4
1 2
2 4
2 5
2 3
2 4
3 5
4 6
4 5
5 6
3 6
1 4
100 16
4 14
9 13
8 11
6 10
13 15
6 12
10 16
1 3
1 9
4 13
8 14
14 16
2 4
5 14
3 16
4 14
5 7
1 6
3 14
6 8
7 12
4 15
2 5
8 15
1 13
5 10
10 16
7 13
11 12
3 15
3 12
8 10
6 14
14 16
5 15
13 14
9 14
8 14
1 6
2 6
2 15
5 13
1 12
1 4
1 10
4 5
4 9
13 16
6 12
9 10
5 6
7 8
2 11
4 6
3 14
3 12
7 16
10 14
13 16
9 10
13 13
2 2
9 15
3 6
9 11
3 7
16 16
14 15
7 15
3 3
8 9
1 2
8 8
4 13
13 15
3 8
9 14
13 14
6 11
4 15
8 16
8 9
3 13
3 6
1 5
3 5
12 15
7 9
1 8
12 15
12 16
9 12
15 16
6 13
9 15
12 12
2 11
4 9
5 16
1 15
100 100
15 76
30 52
23 65
5 98
39 83
24 62
16 83
24 62
9 62
21 64
18 52
43 76
26 70
10 57
9 44
12 52
83 95
34 75
39 47
19 99
86 93
83 95
39 54
21 40
3 10
15 76
12 32
18 52
66 88
6 18
12 52
68 86
85 100
40 79
43 76
37 71
37 71
23 36
59 83
5 64
37 69
40 79
23 65
2 62
58 70
59 83
7 100
39 54
9 44
40 53
7 100
66 88
19 99
10 57
3 10
22 98
6 99
8 20
8 20
5 64
12 32
37 69
66 77
16 83
9 62
26 70
31 93
31 93
23 36
58 70
31 56
20 51
40 53
5 98
38 45
68 86
17 91
22 98
2 62
30 52
68 88
38 45
86 93
17 91
39 83
21 40
6 99
66 77
19 76
68 88
34 75
19 76
6 18
85 100
31 56
17 24
21 64
20 51
39 47
17 24
100 100
96 98
18 86
28 70
22 56
5 58
42 79
58 69
33 36
28 84
37 38
64 71
80 85
5 50
55 81
53 91
64 70
48 63
55 95
2 47
60 70
18 80
30 61
19 67
17 92
8 92
25 39
60 81
30 63
18 80
96 97
20 51
2 97
32 40
71 90
13 96
35 87
22 51
30 46
24 68
23 25
12 22
22 92
40 81
15 78
16 21
62 92
9 96
30 89
11 50
22 30
71 99
67 81
31 92
35 62
44 77
5 52
32 59
14 39
28 68
30 53
42 53
8 91
46 84
75 82
58 59
20 27
84 88
53 78
43 61
41 92
22 64
27 67
74 93
42 63
13 77
63 99
23 41
18 100
19 98
50 96
15 48
61 100
35 82
34 56
15 29
6 92
20 20
33 71
4 86
31 64
3 65
3 90
13 64
42 92
13 100
82 85
49 79
83 85
22 83
60 97
64 8
7 8
3 7
2 8
5 8
6 6
3 4
1 3
1 5
3 5
3 3
4 5
5 7
5 7
1 7
5 6
4 8
1 2
2 6
3 6
3 8
6 7
2 2
4 4
3 6
6 8
1 1
3 4
1 8
2 3
2 4
2 4
1 5
2 3
1 4
6 8
6 7
2 7
2 7
4 7
3 8
4 6
7 7
1 4
1 6
5 6
2 5
5 8
1 6
3 5
2 8
2 6
7 8
4 8
5 5
4 5
1 8
1 2
4 6
3 7
2 5
1 7
4 7
1 3
8 8
54 32
5 13
11 19
16 27
5 31
15 27
5 22
7 12
6 23
5 13
9 21
9 19
16 24
25 30
14 24
20 21
6 11
5 25
12 32
17 22
2 30
18 31
4 12
9 12
4 10
11 23
7 22
21 25
1 30
4 29
4 23
3 14
4 7
7 25
29 32
23 31
1 28
1 32
8 20
16 27
3 6
8 10
23 29
6 30
20 25
12 25
18 30
8 13
3 27
9 14
10 31
3 20
26 29
12 25
7 30
76 60
25 29
11 12
15 19
13 52
31 43
11 23
21 42
8 24
27 33
11 31
53 57
14 25
13 49
11 18
15 34
3 20
7 39
53 60
28 58
31 60
13 58
1 27
33 57
26 30
49 60
23 37
30 56
28 37
13 47
13 17
24 44
13 50
10 50
30 33
7 7
9 45
18 41
33 39
19 42
25 56
40 54
4 31
12 21
40 56
43 60
3 18
16 60
31 36
18 46
7 12
10 51
12 56
36 54
18 26
17 49
23 32
26 30
29 60
7 38
5 17
9 26
43 60
33 42
52 52
6 31
30 60
40 50
32 49
11 37
3 7
5 43
19 52
30 47
2 7
20 56
23 39
46 45
29 37
3 12
30 37
23 26
5 10
23 44
14 33
5 6
17 30
2 37
40 41
12 15
9 28
14 41
6 40
8 32
10 26
11 44
11 19
41 43
17 38
27 38
5 34
2 43
15 43
26 27
10 26
13 28
24 25
21 23
14 28
19 26
15 43
14 41
27 30
29 37
25 37
15 39
14 30
4 18
9 11
41 44
15 32
9 16
7 10
34 45
52 65
8 42
26 45
3 27
42 49
18 56
23 48
45 65
6 19
2 57
12 55
41 41
7 19
12 22
30 46
38 45
20 37
31 41
15 24
7 28
6 31
6 20
24 34
37 38
30 54
42 63
37 57
10 16
29 47
11 56
11 56
18 26
6 63
22 48
50 57
8 36
22 38
4 7
1 13
18 59
1 61
1 49
43 59
20 63
13 14
4 35
27 48
6 37
1 13
19 55
52 65
6 15
57 60
31 45
6 22
17 37
14 30
34 39
38 39
25 40
6 45
2 33
27 32
35 41
18 21
12 42
30 45
8 16
22 23
5 11
25 29
30 41
16 18
4 16
7 24
12 43
17 36
11 39
30 33
30 32
13 17
12 15
2 32
10 41
25 35
100 100
30 62
26 40
3 66
34 45
69 91
25 59
58 64
45 59
3 87
59 64
38 93
20 82
17 94
67 95
56 65
39 52
26 58
50 87
44 69
36 69
51 68
33 90
21 73
59 81
13 97
19 50
46 75
32 48
2 10
79 91
52 87
14 87
70 95
36 57
16 39
3 56
29 46
5 69
20 42
4 19
32 35
27 72
15 85
72 87
16 51
62 69
53 89
25 57
58 96
55 88
13 68
2 85
28 76
31 35
28 28
63 79
25 27
29 47
74 75
50 71
7 24
2 73
38 83
33 75
48 58
12 75
13 15
42 97
65 75
17 85
66 90
16 82
39 47
16 38
14 45
18 55
56 93
1 54
47 60
18 82
79 81
25 32
45 93
67 85
36 49
42 49
39 91
83 97
70 96
51 81
5 35
17 28
90 96
10 34
32 44
34 49
67 94
26 94
34 59
26 49
100 100
22 39
29 34
21 38
26 34
22 36
30 36
24 31
24 33
30 39
29 35
24 39
22 34
28 33
25 35
23 39
29 37
28 32
29 30
22 35
26 37
29 31
29 36
29 39
22 31
21 34
28 31
24 36
25 36
26 35
27 31
30 33
30 32
29 38
22 32
24 38
21 32
28 36
28 39
27 37
30 38
24 35
23 34
26 36
26 30
21 31
22 37
25 33
28 30
25 30
23 33
25 38
21 39
23 32
30 31
27 33
29 32
26 39
26 31
25 37
27 36
29 33
21 37
27 38
27 30
30 30
22 33
25 32
23 37
30 37
26 32
26 38
24 30
24 32
25 39
21 30
30 35
21 36
21 33
22 38
26 33
28 34
28 37
24 34
22 30
21 35
25 31
23 30
23 38
24 37
23 35
27 34
27 32
28 38
30 34
27 39
23 36
23 31
25 34
28 35
27 35
100 100
9 9
4 80
58 70
15 96
10 59
68 98
15 57
4 58
54 56
33 92
65 85
74 77
53 70
4 7
31 86
19 40
18 30
95 97
12 77
51 93
3 100
89 91
27 84
42 53
57 61
78 81
31 41
59 98
5 53
5 94
9 82
33 74
23 41
87 92
1 88
91 100
1 10
17 100
41 52
82 90
20 34
64 94
29 39
49 62
34 36
51 94
9 40
1 62
51 86
29 83
21 73
78 78
63 89
17 54
26 80
69 88
12 42
5 98
69 77
50 54
50 81
9 98
97 97
16 46
13 48
61 92
61 95
22 25
26 68
10 62
34 42
11 86
90 91
6 27
59 96
15 28
23 34
84 100
57 86
30 81
27 42
35 58
59 84
10 65
44 45
34 95
36 92
1 36
58 86
5 55
42 90
56 79
12 71
7 19
56 72
2 28
59 64
25 35
18 62
22 55
100 100
52 91
59 85
68 99
56 84
79 93
53 69
76 95
57 71
50 68
63 94
53 55
67 76
58 89
62 84
51 71
53 100
75 75
60 77
56 61
52 93
77 97
65 70
76 83
56 93
72 94
55 75
58 69
53 88
67 84
66 73
53 70
52 94
89 90
71 92
75 79
70 71
79 94
57 65
89 93
70 87
58 63
56 76
53 83
98 99
51 62
64 74
50 87
54 71
98 99
51 56
57 92
52 56
59 61
75 77
62 78
66 69
75 96
55 66
59 85
51 100
75 96
91 95
53 55
50 75
55 75
63 70
55 83
72 88
71 96
63 99
81 85
51 96
61 93
60 81
81 95
74 80
78 78
65 65
56 93
86 94
82 85
63 67
72 80
82 88
90 94
65 78
63 97
62 98
66 76
54 91
75 88
64 67
74 79
51 86
56 92
54 93
81 93
66 82
74 79
70 74
100 13
1 4
8 9
4 9
8 11
2 6
9 11
5 7
12 13
3 7
2 4
4 12
6 9
1 9
7 12
1 10
3 10
9 13
6 10
1 7
2 8
10 11
2 2
7 9
2 5
6 13
2 12
5 13
8 10
6 13
1 1
1 8
4 8
3 12
1 11
2 11
8 9
4 4
4 10
1 12
7 10
4 13
5 8
8 8
3 6
1 10
2 5
3 6
3 10
3 11
2 10
6 6
4 9
5 13
11 12
2 12
10 10
3 4
7 8
10 13
9 10
7 7
11 13
7 9
3 13
9 10
4 10
4 12
10 12
6 12
3 3
12 13
1 9
1 7
3 13
1 12
3 11
6 10
4 11
3 4
10 12
3 12
7 11
4 7
9 13
1 8
8 12
6 9
5 7
3 7
7 8
6 8
6 12
1 4
2 8
2 13
7 12
2 4
5 9
4 13
1 11
100 100
99 99
51 51
93 93
74 74
87 87
77 77
24 24
97 97
8 8
49 49
32 32
92 92
52 52
78 78
28 28
16 16
45 45
38 38
69 69
71 71
47 47
26 26
43 43
65 65
17 17
10 10
94 94
9 9
41 41
63 63
31 31
1 1
19 19
5 5
29 29
61 61
95 95
64 64
27 27
13 13
83 83
25 25
35 35
73 73
20 20
11 11
22 22
67 67
60 60
72 72
30 30
40 40
96 96
75 75
100 100
44 44
68 68
84 84
82 82
4 4
36 36
56 56
55 55
85 85
80 80
58 58
53 53
70 70
23 23
15 15
21 21
42 42
89 89
76 76
54 54
98 98
46 46
66 66
12 12
18 18
3 3
91 91
39 39
2 2
81 81
88 88
57 57
79 79
34 34
62 62
50 50
90 90
33 33
37 37
14 14
48 48
7 7
6 6
86 86
59 59
63 96
33 90
27 63
35 53
59 60
5 81
9 25
4 67
10 82
3 10
33 37
20 73
20 79
3 26
55 61
71 96
11 49
51 76
39 49
14 15
38 43
64 83
88 93
49 75
94 96
20 69
28 34
70 87
70 74
11 17
14 63
74 95
5 96
65 78
57 80
22 29
84 93
6 48
57 90
39 93
2 42
12 46
33 96
13 74
19 20
5 92
13 56
13 96
48 59
22 93
9 70
51 61
53 83
9 79
19 78
20 46
7 75
27 64
26 65
55 67
26 72
32 61
24 29
25 92
100 100
26 57
46 51
49 51
31 70
69 90
35 36
67 82
8 72
13 76
52 89
62 94
58 88
24 62
65 100
16 22
39 44
44 44
67 80
92 97
8 43
78 89
5 83
6 37
34 97
2 73
2 27
25 78
40 67
43 87
1 99
29 68
1 51
45 88
16 82
5 71
55 85
8 78
41 57
70 70
5 15
2 6
35 83
26 75
19 47
51 93
62 77
3 26
5 35
29 32
52 76
11 29
43 89
63 77
1 66
33 87
61 70
66 97
9 48
20 67
21 48
37 95
68 80
9 62
31 73
38 73
7 23
62 69
11 97
18 87
32 82
6 89
8 40
30 96
12 89
21 53
6 27
9 19
25 45
19 36
85 89
24 85
34 70
53 97
66 88
3 64
21 45
25 90
70 85
17 26
76 85
63 66
51 74
4 35
53 86
11 62
21 81
51 65
56 70
14 31
40 98
100 100
16 60
7 33
10 30
53 90
13 88
52 94
39 80
47 64
1 72
44 81
62 76
47 74
46 77
64 92
69 82
32 98
7 28
66 67
6 90
2 75
12 75
14 61
39 90
38 71
86 92
2 81
13 15
22 69
26 40
74 86
49 95
25 44
4 73
43 79
25 34
19 35
64 90
31 69
9 33
34 100
97 97
19 93
16 52
29 74
37 100
25 73
23 91
28 63
53 72
20 69
67 84
31 79
53 55
20 67
47 58
22 72
64 93
7 82
28 71
67 98
44 68
59 95
35 96
23 53
26 28
63 64
32 91
57 89
3 53
31 34
22 81
78 86
30 65
58 70
53 97
14 33
47 86
1 73
60 99
40 52
35 62
8 76
7 29
5 9
40 70
31 73
9 33
41 80
25 55
44 49
30 89
4 49
14 31
1 47
5 55
8 85
37 89
24 72
12 22
79 98
69 67
36 60
17 47
17 50
43 44
23 58
15 66
3 28
17 40
26 62
31 50
2 2
53 59
37 47
55 59
43 46
10 54
19 43
17 66
47 63
34 62
21 48
25 46
1 22
4 23
59 59
55 62
15 48
18 20
38 39
18 24
2 32
5 63
29 58
33 63
6 34
31 57
48 51
21 46
4 19
18 26
36 65
18 48
14 59
7 16
23 43
13 63
4 27
33 54
17 67
15 29
27 48
17 46
45 61
5 50
40 61
39 62
14 50
25 65
16 40
6 27
25 65
14 55
21 57
25 36
15 63
5 21
56 62
25 28
25 49
100 14
2 12
12 14
7 13
9 11
4 13
5 5
4 14
7 14
2 9
7 7
4 10
5 14
5 6
8 9
4 5
9 10
3 7
11 12
3 4
2 6
4 7
9 13
8 12
11 12
5 11
6 14
3 11
2 2
8 13
9 10
11 14
4 9
5 13
4 12
7 11
8 11
7 14
8 11
7 11
10 10
1 9
6 13
9 12
2 3
5 14
12 13
2 4
6 11
1 3
12 14
1 4
9 9
4 13
4 8
2 9
3 4
8 10
7 12
8 12
6 14
1 11
5 6
6 10
3 6
1 9
10 11
5 12
1 2
5 12
4 9
9 12
6 6
5 11
12 13
6 9
4 8
6 10
3 10
4 11
6 7
10 13
2 10
8 14
11 14
3 12
1 7
6 12
7 12
8 10
1 3
6 11
3 11
3 13
4 10
10 11
2 5
1 12
4 11
9 13
3 7
100 20
5 16
4 15
13 20
2 6
3 18
4 16
4 18
1 20
5 9
19 19
5 8
4 7
3 20
8 10
7 17
2 6
3 12
7 10
3 19
1 18
7 19
3 7
2 13
4 4
9 14
4 10
6 15
17 19
15 18
3 10
12 19
7 12
8 11
4 14
11 20
1 13
4 11
1 9
9 11
15 19
13 20
6 14
6 8
19 20
8 10
2 11
2 7
7 8
2 10
1 8
3 17
2 10
4 18
9 10
11 19
12 17
8 15
11 19
1 2
18 20
1 16
1 19
10 17
3 19
10 15
8 11
5 10
5 17
4 13
12 15
10 16
4 17
6 15
8 13
5 17
10 12
7 20
5 13
9 12
2 18
1 16
9 15
1 18
14 16
1 5
2 4
17 20
4 14
8 8
14 20
16 17
3 7
4 9
9 15
1 5
5 6
7 15
14 19
14 15
4 17
25 20
14 18
14 14
8 17
3 12
6 10
1 8
20 20
5 13
4 19
19 20
14 15
15 16
3 14
4 10
14 19
8 12
11 13
10 11
4 7
1 5
13 16
6 19
2 14
3 19
7 16
100 19
6 12
6 17
6 15
9 15
8 10
11 18
6 11
12 13
13 19
10 13
5 13
2 4
10 16
6 12
16 18
3 4
7 18
9 9
15 18
4 17
6 13
12 13
7 16
2 6
13 16
2 4
15 16
4 10
7 10
5 13
15 17
7 16
13 14
1 17
14 15
15 19
13 19
6 8
12 17
6 7
4 12
16 18
2 19
1 3
7 13
1 13
1 4
3 18
19 19
6 18
1 4
10 18
10 14
6 7
5 17
14 18
3 5
11 17
9 13
13 15
9 12
3 18
5 11
4 7
5 14
7 9
5 9
8 19
10 10
2 16
16 19
8 19
11 19
2 18
14 14
6 8
4 19
16 17
10 17
6 15
14 15
10 17
2 9
5 12
11 16
5 5
18 19
8 17
2 7
12 12
16 17
13 17
1 19
10 18
6 9
11 16
8 16
10 16
2 11
14 19
36 100
40 42
41 43
38 44
38 41
41 43
39 39
40 43
41 42
40 43
39 42
43 44
39 43
38 39
42 43
39 42
42 43
42 44
42 42
39 41
39 41
40 41
41 44
40 42
39 44
38 42
39 40
40 41
39 40
39 43
38 40
40 44
41 42
40 40
41 41
38 43
43 43
100 100
40 42
29 95
17 19
25 84
17 19
12 19
47 80
1 12
13 37
48 97
40 42
43 47
52 57
12 68
5 29
33 34
33 99
69 94
5 29
47 54
26 64
8 94
17 52
9 29
21 70
21 62
48 67
47 54
25 84
72 82
30 55
33 86
33 99
19 48
75 89
58 67
69 94
10 44
63 70
52 57
10 44
63 70
17 52
29 79
35 49
41 96
48 98
12 19
21 62
13 37
48 97
72 82
29 85
29 95
16 70
1 17
30 55
21 70
41 45
58 67
23 35
65 69
48 98
75 89
16 70
23 35
47 80
1 85
26 57
26 57
62 66
9 29
12 67
48 67
65 69
72 92
29 79
8 94
12 68
9 69
12 67
27 36
27 36
62 66
19 48
72 92
9 69
29 85
43 47
33 86
33 34
41 45
35 49
1 85
28 70
28 70
41 96
26 64
1 12
1 17
