100
15 282
15 74
15 6
15 134
15 212
15 256
15 146
15 180
15 37
15 142
15 85
15 151
15 188
15 200
15 185
15 14
15 7
15 284
15 113
15 46
15 30
15 279
15 127
15 143
15 9
15 119
15 32
15 266
15 183
15 242
15 206
15 90
15 122
15 229
15 184
15 16
15 49
15 5
15 213
15 12
15 286
15 149
15 13
15 94
15 246
15 75
15 47
15 19
15 157
15 198
15 20
15 234
15 0
15 111
15 283
15 262
15 249
15 194
15 216
15 15
15 8
15 287
15 109
15 253
15 181
15 215
15 235
15 243
15 1
15 285
15 10
15 2
15 52
15 208
15 204
15 51
15 39
15 4
15 11
15 54
15 147
15 3
15 209
15 73
15 99
15 43
15 61
15 17
15 145
15 128
15 77
15 141
15 261
15 131
15 186
15 44
15 45
15 18
15 50
15 171
